,Scenario,Variable,Median,2.5 p,97.5 p,Mean,Min,Max,std
0,ALL,dC,-2.4030536339228012,-2.6322339380130817,-2.135250034966801,-2.397728934559059,-2.731643863325823,-2.015132189871688,0.12381015949407206
1,ALL,dY,24.652621032021234,16.48476218172567,32.5518181883606,24.621617003257356,11.020439248459034,38.14870609812166,4.080969750719333
2,ALL,dM,44610.95751530661,29830.541117055516,58905.208349275425,44554.85315998503,19942.39665123004,69033.2401084937,7384.852423363809
3,ALL,Benefit,354.5875893524146,44.97766396271261,1172.9251774783202,420.1415144513055,3.2188955942766837,1701.8905449877873,291.8698767687768
4,ALL,Cost,104.63811791038214,101.90325205209217,107.48223984021381,104.61795559733851,100.53725362348769,109.22871147253512,1.4210689461084793
5,ALL,Net Benefit,251.27722712740163,-61.708358844489325,1066.5856035358988,315.52355885396696,-102.04416173026789,1596.481580530481,291.874748973496
6,V1,dC,-0.3816119296165392,-0.41700194142035074,-0.33883888585701577,-0.3804652235835134,-0.43060566169430964,-0.2979780710439801,0.019988032998827086
7,V1,dY,3.925494831080639,2.572327499448706,5.433127168756432,3.9319585057329784,1.8222831777456494,7.205291409329074,0.7071696948901459
8,V1,dM,7103.507692282739,4654.839444629738,9831.693148806706,7115.204246370589,3297.5721858408797,13038.570970992167,1279.6820741242743
9,V1,Benefit,55.47459179397755,6.805675660239779,192.88760156712223,67.09091076826618,0.5351232160404568,339.53668380175105,50.07659005114967
10,V1,Cost,14.53013425942344,13.91989509922227,15.106461516344872,14.523728350485033,13.632506206070078,15.422908457881315,0.30532203499664023
11,V1,Net Benefit,40.887050916385654,-7.608499804647378,178.49964395084032,52.567182417781154,-13.739760718351665,325.05277170710747,50.080077800787116
12,V2L,dC,-1.2249223381297074,-1.3365530794611478,-1.0828047851291418,-1.219894408391036,-1.3829343606270585,-1.0012719307203166,0.06568201314053769
13,V2L,dY,12.549178175482492,8.524508728646985,17.0316979195775,12.588574854699957,5.59320657342406,20.978475930948427,2.2172438224608415
14,V2L,dM,22708.776227537808,15425.803862338926,30820.266588161354,22780.06777826305,10121.370076522722,37962.28795614971,4012.286151496763
15,V2L,Benefit,177.8448630470554,19.086748718200205,640.822812869511,216.21241721716316,0.7036585560891817,814.8009785329431,154.5390616444715
16,V2L,Cost,44.16159980879409,42.43844244341625,45.94571405854759,44.12588025082707,41.2776948847017,46.78240224639616,0.9223081436669959
17,V2L,Net Benefit,133.32784338014605,-24.4424639253089,595.7713857220225,172.08653696633607,-43.57702760651432,769.8854528263929,154.51426871934993
18,V3,dC,-0.7974652299067115,-0.8742189939711195,-0.7080999250606995,-0.7954257823626386,-0.9019283118739299,-0.6304465669331997,0.04193888854220806
19,V3,dY,8.225737250147029,5.2548727124711485,11.082178075345036,8.25447867657084,3.618960195627086,12.927785784840864,1.4756850817547695
20,V3,dM,14885.152151641127,9509.126961384773,20054.118166750795,14937.162140820634,6548.807906753798,23393.898022665384,2670.3742536189197
21,V3,Benefit,124.02226515720979,15.705788317937664,370.50637761355347,139.04042098120408,3.095422286657787,549.2639924637236,96.6006616409437
22,V3,Cost,45.89396183606614,44.04444420066736,47.825325353473794,45.926761398613614,41.90359267223519,48.88147455065744,0.9743624309029719
23,V3,Net Benefit,78.02266519369302,-30.699226070178927,324.63294533419713,93.11365958259047,-44.051452516373395,504.4637556237637,96.64482557216913
